0 0
1 0
2 0
3 0
4 0
5 0
6 0
7 0
8 0
9 0
10 0
11 0
12 0
13 0
14 0
15 0
16 0
17 0
17 1
17 2
16 2
15 2
14 2
13 2
12 2
11 2
10 2
9 2
8 2
7 2
6 2
5 2
4 2
3 2
2 2
2 3
3 3
4 3
5 3
5 4
5 5
6 5
7 5
8 5
9 5
10 5
11 5
12 5
13 5
14 5
15 5
16 5
17 5
18 5
19 5
20 5
21 5
22 5
23 5
24 5
25 5
26 5
27 5
28 5
29 5
30 5
31 5
31 6
31 7
32 7
33 7
34 7
35 7
36 7
37 7
38 7
39 7
40 7
41 7
42 7
42 8
42 9
42 10
42 11
42 12
42 13
42 14
42 15
42 16
42 17
42 18
42 19
41 19
40 19
39 19
38 19
37 19
36 19
35 19
34 19
33 19
32 19
31 19
30 19
29 19
28 19
27 19
26 19
25 19
25 18
25 17
25 16
24 16
23 16
22 16
21 16
20 16
19 16
18 16
17 16
16 16
15 16
14 16
13 16
12 16
11 16
10 16
9 16
8 16
8 17
9 17